1000
0 1.065102
1 0.351284
2 0.666628
3 3.916708
4 0.134132
5 4.573826
6 4.346943
7 1.194938
8 2.243565
9 0.917515
10 2.733357
11 3.286229
12 1.639793
13 4.033182
14 1.182314
15 4.978073
16 4.110444
17 4.003287
18 1.823952
19 1.231502
20 1.584406
21 2.477971
22 2.181057
23 1.864834
24 0.515399
25 0.314279
26 2.418426
27 3.280566
28 4.494938
29 0.043943
30 1.896702
31 1.879692
32 0.036047
33 2.690405
34 1.218878
35 4.325726
36 4.512705
37 3.868951
38 2.309431
39 0.867527
40 2.774256
41 3.954504
42 2.705742
43 0.077056
44 3.749209
45 3.875267
46 4.572414
47 0.067251
48 0.257829
49 2.787908
50 0.577646
51 0.128936
52 0.444230
53 2.278010
54 3.756682
55 0.757084
56 1.471431
57 0.590180
58 3.593095
59 3.859866
60 2.979784
61 3.773569
62 4.490209
63 1.082857
64 1.951708
65 1.093820
66 2.501135
67 3.300840
68 1.042830
69 1.941006
70 3.008938
71 0.486363
72 0.698947
73 4.099432
74 3.073361
75 2.053849
76 1.875107
77 4.249780
78 1.415788
79 4.987684
80 1.381284
81 0.072852
82 3.731090
83 1.319637
84 2.600252
85 3.208747
86 2.878282
87 3.943607
88 4.937296
89 3.502942
90 4.899164
91 3.102601
92 4.076340
93 4.614215
94 2.086217
95 0.803631
96 0.218990
97 4.857237
98 1.011869
99 1.700778
100 2.586256
101 0.558951
102 3.537911
103 1.815756
104 2.759569
105 3.692361
106 0.046580
107 2.660159
108 2.948822
109 4.849405
110 1.126834
111 2.596142
112 4.098988
113 3.977115
114 4.567236
115 3.475075
116 0.310347
117 1.744974
118 1.060049
119 2.969888
120 0.355197
121 1.968334
122 2.522415
123 2.450243
124 2.959285
125 0.481028
126 1.355667
127 0.514617
128 3.890099
129 2.043128
130 0.461744
131 1.305045
132 4.995935
133 2.866487
134 0.038625
135 2.794189
136 0.986637
137 1.735821
138 1.409566
139 3.296939
140 0.584641
141 4.357110
142 0.682390
143 2.356801
144 1.427052
145 3.853881
146 4.366222
147 1.868418
148 0.817685
149 0.397241
150 3.128774
151 2.189874
152 2.742249
153 0.954370
154 2.295023
155 0.080742
156 4.928095
157 4.495641
158 4.058867
159 2.473573
160 2.688318
161 0.650923
162 0.496915
163 3.387686
164 4.702841
165 2.455078
166 1.585168
167 2.155438
168 3.198666
169 4.190971
170 2.475031
171 2.623854
172 4.468382
173 3.410775
174 0.188289
175 1.080531
176 2.658828
177 0.493914
178 0.747799
179 0.434629
180 3.947320
181 2.849348
182 2.131224
183 0.154677
184 0.855921
185 3.373188
186 0.581933
187 2.758651
188 2.617895
189 0.577756
190 3.949950
191 3.292779
192 2.365836
193 0.978614
194 0.285600
195 2.388703
196 1.947326
197 2.690889
198 1.741214
199 0.709852
200 4.458630
201 3.590184
202 2.527254
203 4.083229
204 1.015504
205 0.946735
206 1.746702
207 3.449338
208 4.826238
209 3.770373
210 2.127057
211 0.178206
212 1.597309
213 0.599724
214 3.167306
215 3.911432
216 2.566497
217 1.539330
218 1.905523
219 2.157911
220 0.729828
221 3.665636
222 3.232094
223 1.543558
224 2.893591
225 1.675762
226 4.467947
227 2.183127
228 2.155004
229 3.795627
230 0.293575
231 1.785793
232 1.987436
233 0.466031
234 4.253390
235 4.146666
236 2.798753
237 1.422216
238 4.124258
239 4.825968
240 3.243144
241 0.225013
242 0.783423
243 1.428584
244 1.624365
245 3.606726
246 3.649006
247 3.712312
248 4.936576
249 1.694434
250 0.808555
251 3.157290
252 0.780971
253 2.065494
254 1.063542
255 3.895954
256 1.983152
257 1.987914
258 3.969171
259 2.447751
260 2.957164
261 0.181286
262 2.661529
263 3.331227
264 1.034445
265 4.096675
266 3.663051
267 3.784313
268 4.245331
269 0.416685
270 0.720949
271 3.848664
272 3.630742
273 3.095817
274 2.042943
275 2.443195
276 3.624032
277 2.437839
278 2.485110
279 0.633701
280 1.507603
281 4.098324
282 0.455399
283 1.608484
284 3.373768
285 4.429804
286 1.614392
287 2.293571
288 1.440635
289 2.692426
290 4.175977
291 2.625512
292 4.355725
293 0.538805
294 4.481936
295 4.175473
296 4.205013
297 0.067667
298 2.996177
299 0.656787
300 1.103606
301 1.112107
302 3.339809
303 2.311075
304 3.324988
305 2.286007
306 2.073845
307 1.858181
308 4.105406
309 4.422781
310 0.691715
311 4.605518
312 4.293428
313 1.186514
314 0.471538
315 4.076864
316 0.485007
317 3.864502
318 4.174170
319 4.663562
320 3.852643
321 3.225686
322 2.976262
323 0.987536
324 4.532709
325 3.180624
326 3.870135
327 1.951110
328 1.745071
329 2.150150
330 4.119184
331 4.529758
332 1.179348
333 4.152108
334 4.257386
335 4.827331
336 4.066064
337 1.774485
338 1.795381
339 2.486764
340 3.560377
341 1.310517
342 0.928506
343 0.350704
344 2.980899
345 1.294118
346 1.521365
347 2.054893
348 0.274318
349 1.665105
350 2.810189
351 1.661777
352 2.104244
353 2.501754
354 1.162103
355 1.292835
356 3.804252
357 4.137150
358 3.856616
359 0.176038
360 0.282727
361 0.995471
362 4.909394
363 3.411182
364 3.841495
365 3.380038
366 4.094979
367 0.782265
368 3.869862
369 1.967663
370 4.399953
371 3.965273
372 2.927400
373 0.930180
374 3.460830
375 3.734859
376 3.837485
377 0.446159
378 4.124245
379 3.148184
380 1.912208
381 3.181727
382 3.076686
383 1.953067
384 4.228972
385 0.922396
386 2.696020
387 4.545665
388 4.219145
389 0.507132
390 2.499478
391 1.995694
392 2.526910
393 2.146198
394 1.127742
395 2.911199
396 0.797451
397 4.955947
398 2.990676
399 1.066799
400 0.481507
401 4.492714
402 3.988524
403 1.746828
404 1.949808
405 0.355891
406 1.047539
407 1.026041
408 0.825930
409 4.714292
410 4.208874
411 1.734228
412 2.927627
413 3.313014
414 3.274736
415 3.526744
416 1.090870
417 1.078538
418 2.340523
419 3.350531
420 2.301910
421 1.561937
422 3.172673
423 3.085430
424 0.423039
425 0.863542
426 1.279776
427 1.324683
428 0.637920
429 2.352467
430 2.572156
431 2.098477
432 3.910913
433 1.932214
434 2.819297
435 4.942677
436 1.928648
437 3.075497
438 0.254622
439 3.564716
440 1.425940
441 0.639927
442 2.905905
443 1.593770
444 1.575060
445 4.128967
446 2.762956
447 3.547197
448 4.398556
449 4.643110
450 3.150941
451 1.364859
452 2.440398
453 0.103738
454 2.530016
455 1.213042
456 4.265724
457 1.271185
458 1.964926
459 2.936445
460 4.651267
461 4.729596
462 1.230279
463 4.627165
464 0.550363
465 0.000203
466 4.669693
467 0.511191
468 0.370049
469 2.663204
470 1.694612
471 0.343866
472 4.662898
473 1.223768
474 3.078870
475 3.014843
476 1.721159
477 2.122690
478 4.818983
479 4.239667
480 2.551322
481 2.955313
482 1.331535
483 0.349319
484 3.417929
485 1.577601
486 3.644995
487 4.961455
488 0.268499
489 2.315521
490 1.214060
491 2.049098
492 1.407406
493 1.188390
494 0.193462
495 4.825898
496 1.374129
497 4.659645
498 1.811595
499 1.294520
500 0.027124
501 0.456127
502 1.691782
503 0.999259
504 3.843617
505 4.981744
506 0.093369
507 1.869456
508 2.750898
509 2.591032
510 1.551736
511 2.311173
512 1.817265
513 3.796280
514 0.954882
515 2.315802
516 0.589955
517 3.437485
518 1.826349
519 4.111569
520 4.090583
521 3.042290
522 2.315317
523 0.233576
524 2.611230
525 3.403566
526 2.902827
527 0.166887
528 1.720116
529 1.681297
530 3.099882
531 0.402896
532 4.836403
533 4.734734
534 2.873116
535 1.709864
536 1.499112
537 0.567359
538 4.324550
539 3.162947
540 1.993265
541 3.644138
542 3.364463
543 4.406600
544 0.343454
545 1.856148
546 1.044553
547 4.273060
548 1.205261
549 2.266144
550 0.609430
551 4.185256
552 2.820680
553 4.689635
554 0.628231
555 4.302308
556 2.725565
557 4.135002
558 0.188138
559 2.582687
560 0.153538
561 1.143983
562 0.674242
563 4.446598
564 0.248793
565 3.907204
566 1.185061
567 1.508432
568 4.034418
569 4.460442
570 2.902868
571 1.555983
572 2.166479
573 2.343911
574 0.468559
575 1.099936
576 2.498118
577 0.392537
578 2.521063
579 3.069994
580 0.371688
581 1.148939
582 0.423353
583 2.648515
584 2.917803
585 2.097548
586 0.886124
587 2.505049
588 4.863653
589 4.118152
590 3.744513
591 1.412511
592 3.912633
593 4.376276
594 2.774264
595 3.115575
596 0.455076
597 1.197695
598 1.836065
599 1.502228
600 3.585428
601 4.222302
602 3.198121
603 1.359218
604 1.342750
605 0.471373
606 3.948178
607 1.920677
608 1.044873
609 1.580431
610 2.511109
611 2.836606
612 0.166400
613 4.801552
614 2.433918
615 4.274788
616 1.609131
617 1.933735
618 2.486789
619 1.447369
620 0.451173
621 4.833362
622 0.409923
623 3.633709
624 3.436397
625 0.839586
626 0.167817
627 2.606720
628 0.005929
629 3.338509
630 1.664894
631 4.503922
632 4.582767
633 4.817297
634 0.541773
635 3.500611
636 2.932551
637 2.422936
638 3.875616
639 3.915373
640 4.648977
641 3.053474
642 3.520081
643 2.522601
644 4.390671
645 4.951610
646 0.062316
647 3.168423
648 4.244900
649 0.235883
650 0.271449
651 1.231797
652 0.157790
653 4.654093
654 4.743471
655 3.878398
656 3.474361
657 2.452649
658 3.692701
659 0.398805
660 2.326491
661 0.766164
662 0.434729
663 2.572635
664 2.522698
665 0.500799
666 2.687556
667 1.965396
668 3.188446
669 2.735583
670 1.977480
671 1.244343
672 3.215621
673 3.136662
674 4.967863
675 1.033651
676 1.469206
677 3.474211
678 0.679624
679 3.948300
680 0.110319
681 1.770332
682 3.292002
683 1.321618
684 3.598235
685 0.874055
686 2.404443
687 1.735255
688 3.278390
689 2.857432
690 0.411591
691 3.875067
692 2.625438
693 1.821386
694 3.553042
695 4.965139
696 2.445055
697 4.773573
698 3.510351
699 2.208712
700 3.728424
701 0.740944
702 1.351638
703 3.313542
704 3.560243
705 2.270444
706 4.587911
707 2.465309
708 2.994001
709 0.781361
710 4.977067
711 4.591612
712 4.194528
713 3.707154
714 4.066543
715 4.627332
716 0.302916
717 0.113239
718 1.832159
719 3.836453
720 3.376522
721 4.126436
722 0.880251
723 0.293456
724 2.698615
725 3.452986
726 3.717263
727 3.997221
728 4.618213
729 0.902556
730 3.443355
731 4.040886
732 1.578784
733 4.848295
734 0.734952
735 3.941579
736 2.910880
737 3.126237
738 2.189611
739 3.934585
740 0.412720
741 1.965315
742 1.512074
743 3.437804
744 2.416574
745 1.111639
746 0.823166
747 2.315767
748 4.458061
749 4.602860
750 1.726586
751 3.229772
752 1.428826
753 3.411408
754 0.029036
755 0.604537
756 0.127176
757 0.925660
758 3.986217
759 1.315193
760 4.931085
761 0.508052
762 4.153523
763 1.485375
764 4.236539
765 3.956445
766 0.821784
767 4.061902
768 2.742549
769 1.913338
770 3.283921
771 3.509174
772 2.361619
773 3.195824
774 3.930108
775 2.852661
776 2.808430
777 1.752187
778 0.232059
779 1.841845
780 0.915391
781 1.849211
782 1.829745
783 3.535847
784 4.665308
785 2.033462
786 4.157675
787 4.617044
788 4.370275
789 4.031689
790 4.777347
791 2.077563
792 2.492150
793 2.717321
794 4.955298
795 2.109363
796 2.251359
797 3.494540
798 0.133294
799 0.460128
800 0.443661
801 3.377245
802 0.072291
803 0.734344
804 0.142989
805 0.871288
806 3.362283
807 2.052561
808 0.155035
809 2.724607
810 3.125862
811 0.703010
812 4.971329
813 0.176412
814 4.507891
815 0.390588
816 1.405830
817 4.514600
818 1.543331
819 0.011100
820 2.252272
821 2.306545
822 2.289719
823 4.546866
824 1.935518
825 1.384582
826 3.462620
827 3.327011
828 1.827040
829 3.591778
830 2.937515
831 3.046536
832 1.314460
833 1.989385
834 2.298873
835 2.257474
836 3.847133
837 1.023816
838 3.498753
839 1.588878
840 1.591378
841 1.392821
842 0.708320
843 3.416308
844 3.415733
845 2.648073
846 4.634483
847 2.672746
848 4.162076
849 0.050645
850 4.161947
851 2.699083
852 0.344481
853 1.748404
854 0.852810
855 2.591646
856 2.934017
857 2.877424
858 2.979211
859 3.175370
860 4.942506
861 1.876014
862 1.720205
863 3.163719
864 3.397503
865 1.828249
866 0.465995
867 0.050260
868 1.618881
869 1.478192
870 0.837893
871 1.992548
872 0.656597
873 3.145971
874 3.751212
875 4.218125
876 4.350163
877 1.867863
878 0.273927
879 1.016639
880 1.821540
881 3.925580
882 3.022871
883 1.034152
884 1.741444
885 0.541564
886 1.701070
887 3.598596
888 4.419319
889 1.929612
890 4.127146
891 3.062946
892 4.492342
893 3.401287
894 1.706485
895 0.429382
896 2.640163
897 2.651932
898 3.912936
899 4.728560
900 4.568630
901 4.264749
902 2.611253
903 4.078780
904 2.305124
905 3.471942
906 2.279565
907 2.986578
908 3.275687
909 3.158985
910 1.666103
911 1.110036
912 3.413546
913 1.367285
914 4.616760
915 1.366433
916 4.731742
917 1.283772
918 0.674273
919 4.294851
920 1.009096
921 3.060317
922 3.213712
923 4.990921
924 1.946864
925 0.204243
926 4.933262
927 0.614303
928 0.889168
929 4.662080
930 1.257970
931 1.469915
932 4.827912
933 0.786144
934 4.884301
935 3.411940
936 1.374853
937 1.847280
938 3.245141
939 1.886571
940 2.950199
941 3.622552
942 1.011678
943 4.277195
944 0.957304
945 1.344696
946 0.976773
947 2.446858
948 0.863327
949 2.217457
950 2.343643
951 1.980446
952 4.141201
953 0.059732
954 4.836530
955 0.747031
956 0.031705
957 2.989473
958 1.372420
959 2.055453
960 4.217167
961 4.459241
962 0.703692
963 1.028708
964 4.249505
965 2.238047
966 3.332935
967 1.430571
968 2.012341
969 4.943524
970 3.688216
971 0.237495
972 4.515295
973 4.574878
974 0.558190
975 2.847055
976 3.891991
977 2.806352
978 0.853035
979 1.178657
980 4.903394
981 4.964864
982 3.063770
983 3.670922
984 0.414892
985 1.041112
986 1.226980
987 0.572103
988 2.926953
989 2.443748
990 4.604809
991 3.104266
992 4.081334
993 4.689625
994 2.705632
995 3.348992
996 1.252062
997 2.783728
998 4.195794
999 0.732588
